FID	IID	ENSG00000152931.6	ENSG00000183696.9	ENSG00000139269.2	ENSG00000169129.8	ENSG00000134602.11	ENSG00000136237.12	ENSG00000259425.1	ENSG00000242284.2	ENSG00000235027.1
HG00096	HG00096	0.101857770468582	8.1838049456063	1.19991028786682	0.831939826228749	27.6464223725999	3.78850273139249	0.0540590649819536	0.351716382898523	0.200791414339667
HG00097	HG00097	0.0781095249582053	5.68691050653862	1.57357169691446	0.0697777450667378	24.3955715036476	2.05096276937706	0.112185357489692	0.444540251941709	0.190137938062251
HG00099	HG00099	0.0489806714207954	2.43465332606958	0.521615781673147	0.93108575037257	16.4453735152148	4.00031300285966	0.00359181983091798	0.227707651999832	0.0929246302159905
HG00100	HG00100	0.118597118618172	3.83089421985197	1.44722544015787	0.620940765480242	24.8066495438254	3.27161920134705	0.000499683211502511	0.714112406249513	0.108789749488722
HG00101	HG00101	0.00403496367614745	6.61228835251498	3.56579072437701	1.66066836204679	25.1133488775017	1.79821591847768	0.0293976115522442	0.450911709524112	0.23244822901371
HG00102	HG00102	0.0109253485646219	4.70964559086586	1.98268073472144	0.570481056180073	19.2339882617972	1.51668840574531	0.0312661751488703	0.491437808951175	0.250905117203001
HG00103	HG00103	-0.000901197553923871	7.3488756318161	0.675305185558106	1.2593929620234	27.8811161131843	2.50033276871929	0.105537602473341	2.95448626526032	0.104912117936143
HG00104	HG00104	-0.00670646099578265	8.18093983578541	3.81739498910016	0.734784010810412	27.1941174447205	4.50927680966078	0.0589530042085906	0.726428689241281	0.134485494653703
HG00105	HG00105	0.0988630165419412	8.72188896416039	2.56137581851546	1.47912444311165	28.5798565382473	2.34462511117298	0.0628515326355536	0.0336252518740155	0.264147433123935
HG00106	HG00106	0.0452846575848615	8.16947654034991	1.23104912414146	1.5486530348093	27.2264156967244	2.35809327551597	0.0282026970066359	-0.0135426000541589	0.165510266046693
HG00108	HG00108	0.0769367414340106	4.09009915080305	1.26943982702854	1.01019817979267	25.3847144149993	2.72995781438658	0.00993507649283715	0.427456811650753	0.135443236576179
HG00109	HG00109	0.246898644588526	6.1838302470373	2.06907848126168	0.559784136197285	22.8510977428324	1.01457788998332	0.0306825400533097	0.221835375060293	0.212913366528897
HG00110	HG00110	0.0885540460643121	8.72142784140249	2.55147284416226	0.477959858154976	26.2391967575926	1.72434932324923	0.0967847276186057	0.871281713899202	0.217772339972355
HG00111	HG00111	0.0519733855651512	5.02911174128258	2.67433019214546	0.491458138486715	22.1572778528481	1.82370364816008	0.12511705009899	0.705512345721348	0.283371344763476
HG00112	HG00112	0.0960895886763577	16.1691377991459	4.21232612919875	1.07047121505583	24.7107313876636	2.31058954505349	0.0858205074463549	0.349910517287133	0.157654622451981
HG00114	HG00114	0.0638097933382033	5.47570035473588	2.23736587097306	0.793002335897769	26.9952407662221	2.10757472616071	0.00298124500951952	-0.21915904083053	0.0515117241387034
HG00115	HG00115	0.110985673181817	5.40154664584248	1.43083091089534	0.918822370134806	31.8267413033666	1.99350617765789	0.0590051936072967	0.871605226562955	0.122874473284655
HG00116	HG00116	0.100075574648624	5.79566531461468	3.2569310745411	0.340385553647248	25.3035435652885	2.46787142603486	0.00436694136494163	0.0536294081366178	0.201281912923502
HG00117	HG00117	0.146880535433817	7.33964777114822	2.76662582637163	1.30964828097658	27.6034311189127	1.25744610516872	0.0645449456271824	0.214757389163727	0.157554834151942
HG00118	HG00118	0.0467660507583092	6.60847210826448	2.07479238304592	1.96534930927656	23.9275862282553	1.5892416503808	0.0820237643462215	0.031801493891739	0.158495657188579
HG00119	HG00119	0.0629709774785819	11.818120718252	2.61557210612435	0.152403995351664	24.0231756154594	2.88030316550925	-0.020186934347871	0.112178140290884	0.190024145389858
HG00120	HG00120	0.150544722548943	4.72796155145855	2.63074216154368	1.73299338935003	30.2815833016369	3.79146938526479	0.158566350011824	-0.317718540002321	0.123511866946854
HG00121	HG00121	0.04199891708349	3.41357035692031	2.9211863297523	1.24948028282525	27.265222244108	2.26630984585373	0.0726728987982234	0.28250670077407	0.158721692893082
HG00122	HG00122	0.0751741396297664	3.63276136420963	2.35170887392932	1.20040950242716	28.5300074960812	3.04281420451787	0.0212005696016489	-0.0968358139759996	0.160355101393903
HG00123	HG00123	0.212984611529124	5.14920911988266	2.06191597584674	1.22197855784674	24.2325685487658	4.03862725412766	0.155062103019372	-0.011115453067592	0.225885487930431
HG00124	HG00124	0.0393149802293333	3.69076528059473	2.45439123761728	1.04794045198065	27.400517466353	11.6872573332583	0.0184666126862732	-0.228456017514934	0.204459896523005
HG00125	HG00125	0.0885200655979845	2.49109355266561	1.09400369143177	0.905325180651583	19.2769630453211	1.85881127978928	0.0385198849088215	0.116867962708861	0.0273936902203419
HG00126	HG00126	0.0478412670285812	4.20696152295654	1.98633449041184	1.29800713022617	29.1328190984927	1.93625571548463	0.0346013882878909	0.279223201702324	0.258544192384486
HG00127	HG00127	0.114000432145881	4.44716533100643	2.41508930190913	1.31869187283514	20.3202892738214	2.57391450487835	1.03272465197784	0.382817284107678	0.29778024093993
HG00128	HG00128	0.0345676282300169	4.3634116619543	1.76141745908305	1.85195156191895	24.5923246668858	1.52946120925059	0.0230245558577951	0.269653432069006	0.171346440437274
HG00129	HG00129	0.0394868546499791	7.14986235462653	0.682342874723648	1.51191590255488	27.0004348779438	3.2040452823489	0.0343508565896457	-0.129055275543985	0.11534509079869
HG00130	HG00130	0.127594045094677	6.93799636956752	2.6019845389871	0.914487971506596	21.9097271276569	2.08266686791482	0.0442947997337739	1.21474330816643	0.0750294770781734
HG00131	HG00131	0.125433082953702	5.13410260827508	2.16082778780544	0.584832219304668	25.7315386421177	2.63668100253338	-0.0193290119931702	0.583231013675725	0.151415564161393
HG00132	HG00132	0.0623176347234739	4.15604582984894	1.60126307490393	0.790493210974898	21.5603333381407	3.1077817034943	0.0248071722566468	0.258864956869693	0.142689085904681
HG00133	HG00133	0.0202659432269564	5.99061365531894	3.13223327726384	0.15977183848521	22.9330959611198	7.39204611589117	0.0686687310669624	0.149423408617038	0.18971020156149
HG00134	HG00134	0.0570715333409336	6.70300281619331	1.69184689123875	0.800084399450923	25.0146143881955	0.582068209804969	-0.0276900865192624	-0.217279096015644	0.248706860815964
HG00135	HG00135	0.00844937469546483	5.37542063837635	2.67996009466964	0.937206412812106	26.1295461491631	1.31716841165238	0.00773818440888561	0.0706280875517408	0.170669989428945
HG00136	HG00136	0.0606173017394201	3.00690930669169	1.63537247891537	1.57938376198273	21.2601598801416	3.35041949979845	0.0425266821636331	0.135620041464418	0.308907157492161
HG00137	HG00137	0.0448436257057132	3.64059746160548	1.66373662466735	0.656060133784184	25.9248775857829	2.53027869859265	0.00483127257565044	-0.136502914973215	0.170423315394691
HG00138	HG00138	0.0991055713166859	3.86767589312555	2.0252000682466	1.76164910627295	32.1966770273908	1.55859531434858	0.03487268610883	0.415563759253983	0.302136758455139
HG00139	HG00139	0.0926258586401873	9.42229196565231	2.08394282716837	0.682786424140661	27.4681132165774	2.07967619236875	-0.0139965115783352	1.09092388306244	0.174302344764994
HG00141	HG00141	0.100143289487024	5.97245813826351	2.34174228344689	0.942020046566644	29.6482867318785	3.57249906669837	0.00193740844951819	0.333286676459675	0.158210891089041
HG00142	HG00142	-0.0162577578606756	6.76226444910625	1.77828967128295	0.995133640331739	18.1932231772926	1.7607478555249	-0.0021886624830081	0.315733934685776	0.22480144683138
HG00143	HG00143	0.0418135018387938	3.25957806867566	1.90156323417403	1.47289813399648	26.9425403519647	2.30350993047493	0.0857517308933423	0.319788543774499	0.125903054612219
HG00145	HG00145	0.0189323018488825	4.41138527696305	2.59903708412886	0.21318169123061	25.8817305865213	2.571812380548	0.0948042369444403	0.332123368825322	0.156242359267107
HG00146	HG00146	-0.0446644071349547	14.4952115627546	1.02069221749997	-0.384869767632086	25.7344275661047	1.96106264540545	0.0366760762865071	-0.0944847231940845	0.397276181445227
HG00148	HG00148	0.151641991930599	3.49605261234471	1.50823520223843	0.418737603159659	26.3655855176754	1.50833444533005	0.076028032258991	-0.209568560028329	0.176650870169765
HG00149	HG00149	0.0195716960872652	4.27963654558376	2.11225963660432	0.574866680492697	23.7502067527195	2.50664633032913	0.0145116964038843	0.387487457681885	0.207662779906422
HG00150	HG00150	0.0866935426751016	5.14844819579792	2.52027072326112	2.08780865806749	19.9474488856891	3.17266387439362	0.0587681050914731	0.164675322212015	0.214049513588619
HG00151	HG00151	0.0446542392484417	5.43981595711412	2.30367918892088	0.880850289888944	29.5657575759451	1.61658383205274	0.0413945518621377	2.8434387274598	0.142125980358852
HG00152	HG00152	0.0649528038441715	5.83587350569926	2.0495550599428	-0.266112339766142	21.1831572558573	2.10289883770397	0.0759279862105409	0.294614880196641	0.176079828028162
HG00154	HG00154	0.179858435234256	3.52415285594326	2.80896747897004	0.559875193795658	26.5185924814038	1.21676904103905	0.0278981905659515	0.210580358463495	0.160479079775949
HG00155	HG00155	0.114792731170027	4.44605817133302	2.32159965792449	0.917397372461108	27.8349994399216	1.27643951529401	-0.00451063246667809	0.301999058195626	0.110360606120293
HG00156	HG00156	0.057831745066117	6.69753987589628	3.88115431443625	1.17923567304714	19.1123434458226	1.83126928203824	0.238257163446223	0.549476569019294	0.193332374476897
HG00157	HG00157	0.0456538285714041	4.30137231518189	1.33122811422915	0.951816212858952	24.8101562471535	1.56924363513937	0.00573555937210977	0.438243280995755	0.327610963006306
HG00158	HG00158	0.0013817531967336	5.91831182434179	2.2271986597405	0.371899503381684	24.4139722275552	2.07940172418237	0.00445042341391642	0.303817712555083	0.289956144661127
HG00159	HG00159	0.102579387316964	4.58661136355322	3.25440383246191	1.06983378551144	25.794423674112	3.61301071708355	0.0240933886281404	0.189760753201249	0.1570363777907
HG00160	HG00160	0.133980023751555	5.06098406834059	1.64381033404935	0.907201769245678	22.011399949488	1.01173093372691	0.0317935459338046	-0.295797297048615	0.172837347434549
HG00171	HG00171	0.161039903080274	5.14876612533001	1.74007782938488	1.38229859298409	26.7002885796418	1.54260983257881	0.0421066060513065	2.66080852470317	0.197163911736379
HG00173	HG00173	0.0189193582273126	6.13407744642149	3.15119721704878	0.899352405289102	19.1813390772282	1.84253115557535	0.0337796881505585	0.275385641904843	0.219996841674481
HG00174	HG00174	0.0275136587983379	5.76669298847552	2.73567141281328	2.00431677357704	30.6505210532804	2.36743915000864	0.0576125267120098	0.356748640682438	0.197352061330621
HG00176	HG00176	0.0223442951173381	6.38815957094342	2.64800474474953	3.00950190396991	23.8573783740744	2.09662912845455	0.073601301114638	1.45968713134943	0.22891863180365
HG00177	HG00177	0.153625667166915	5.41241963453024	2.69681119751138	-0.0149521243926716	20.7590867944062	1.32797603314145	0.161455693229347	0.352788140537164	0.14644825343954
HG00178	HG00178	0.0626619518380184	6.69319739143567	5.72668172936991	1.09071146294854	20.1046108995247	3.88503025511682	0.0334558732409106	0.256878233056929	0.213809926373112
HG00179	HG00179	0.0482693202392315	10.2219910906575	3.29675181391714	1.74593849005081	28.9438856860653	1.82835114867934	0.119609253301077	0.383884096358947	0.249657620956527
HG00180	HG00180	0.0560267821718596	4.88231460362872	2.56847854606457	0.505725782031853	25.8893364701548	1.97405729026388	0.0407632054936894	0.531110323338374	0.219205586778566
HG00181	HG00181	0.0863662633416704	3.72865552785486	1.63465459900933	1.44987898004844	18.9585045538696	2.79071343846717	0.0110099787179294	0.132261661281634	0.186937928972012
HG00182	HG00182	0.148484464327851	7.40937457272525	2.39388860120522	1.12258706924932	23.9888745108234	3.42222950511578	0.150559556258057	0.790329684456283	0.171033951577097
HG00183	HG00183	0.122757388027274	6.00983720416831	0.915819802442938	2.03630410737718	35.7887658816579	2.23219130231884	-0.0277753026041752	0.531542429758802	0.160038472938875
HG00185	HG00185	0.028488597334686	8.08423376935457	4.61014490361747	1.15687006900211	27.4503336461151	1.3386590886374	0.281415561823612	0.248961189651793	0.153887222890617
HG00186	HG00186	0.133949055824671	6.16871293181775	2.78564760854402	0.415789360164976	26.8245594553957	1.55763096921801	0.159988810534452	0.2752524523478	0.238730240465759
HG00187	HG00187	0.106387915097671	9.74217750676933	4.49891040470908	2.05544866917012	23.2888539276123	1.95508956583956	0.149584704226827	0.384426751506952	0.116607165654506
HG00188	HG00188	0.0796518313002249	4.28008477555565	1.82771046761541	0.566047306664439	24.0846122310815	1.80029438801434	0.0551738629698029	0.610782424006656	0.229931921046042
HG00189	HG00189	0.0240799555774771	9.57877163191914	2.62670351927259	5.7465687113399	29.1269160027862	1.92698364011605	0.0407480883271728	0.912590230092255	0.209457311367789
HG00231	HG00231	0.0541434517340494	3.97701226884065	1.5136160229307	0.98036251754644	20.0713906270788	1.09479122073413	0.079734690701448	1.19512114074198	0.0959355466024757
HG00232	HG00232	-0.00489008250423069	7.5479901821544	4.68583606337014	0.920972240857123	29.6859743283203	1.59894307524567	0.0136439720862288	3.39162637970582	0.30449181901298
HG00233	HG00233	0.0908804297408777	2.54882839221493	-0.933034286192981	0.077719418606518	24.5045551896892	2.14523060474588	-0.00322678819840108	1.21937880029734	0.197654155774102
HG00234	HG00234	0.122305032529043	5.3856421517177	2.69141448958784	0.138150161669641	21.3950589657105	2.69404003523501	0.0222889092007721	0.621665174606938	0.151589504099588
HG00235	HG00235	0.0901386757498023	5.59920516212429	4.42740656338292	0.865111316324381	25.9494801042179	2.27261392878931	0.107891447144964	1.68656644401951	0.203356516853411
HG00236	HG00236	-0.00997655912440069	6.87276935447105	2.45826573822556	0.908650890187366	29.5884772739457	0.518314040711545	0.0373483812830024	0.524226612231724	0.271246535913587
HG00238	HG00238	0.0504978433326893	4.07972607471662	2.48397863122529	0.677661381605481	27.5433415897222	2.06826612038501	0.0614267388596388	0.158799931320953	0.234842578523196
HG00239	HG00239	0.153580327317311	7.04834643398167	1.9454373819876	0.196068154449611	22.8666028233531	2.07324989223943	-0.0159616583479324	0.61323190362176	0.135702929717689
HG00240	HG00240	0.0152855837314608	6.56743992321621	1.95884464677338	0.0208876802512561	24.6752335851896	1.74385755580809	0.570931246790895	0.158696074259846	0.221156891158757
HG00242	HG00242	-0.00435201180962289	7.27681073408014	2.04774980079468	0.429556167899594	21.2397858125298	1.49038778805378	0.0739944856495169	1.42373830563761	0.119398329848664
HG00243	HG00243	0.0950262260542917	5.95212857651342	2.20693238322137	1.43650249888643	26.4736654091507	1.89952601420772	0.0738509713128228	1.69295299062755	0.318896189551708
HG00244	HG00244	0.0327908420338535	6.68976557381783	3.43463768972445	0.739851614146808	34.0096389889675	2.19237942064445	0.191957647682146	0.49729169874856	0.258151801751994
HG00245	HG00245	0.0181819297881489	3.6524423630933	1.55305298487067	0.994805952572484	25.7482673474484	1.85725909251485	0.200572574369062	0.144491579273258	0.250292753317825
HG00246	HG00246	0.0651633207976962	6.20568574143741	2.1737988475808	0.852886073647033	33.0460568151179	1.96334759115389	0.0229694978747505	0.455097384495189	0.24413670510642
HG00247	HG00247	0.066787183895768	8.19782848582655	1.76448548465617	0.583930267554546	29.0992333263154	1.99264222855227	0.0539354588958066	0.0187588996339412	0.27515671854813
HG00249	HG00249	0.313556536614107	7.7604043915382	1.31839194638778	1.07258076785377	27.1563145295597	1.32956693168626	0.0156756595071362	5.57710052485678	0.123152154929395
HG00250	HG00250	0.0783416775507295	3.51286789086355	2.09834557049186	0.863675219714956	26.0212125266272	1.35490461837846	0.0662172827210014	0.290684160334704	0.190945140506948
HG00251	HG00251	0.0561774720840648	6.48519487042291	2.5508206140804	-0.505549279843555	25.3287636731724	3.3496619112305	0.137360937605802	0.228575836964569	0.223394145986562
HG00252	HG00252	-0.0192853743380232	6.29339288086577	1.75660479818156	0.364508952108819	23.6545603581562	3.28311259606336	-0.00239679501429145	0.620098707456344	0.220156879511751
HG00253	HG00253	0.148055769664257	6.85901989003377	2.97033228230037	0.537467076603859	25.5791745768928	2.44358127632472	0.0840649109826357	0.258723636271596	0.159145749272138
HG00255	HG00255	0.0129421288041569	4.6325472858753	1.89729298038301	-0.107131324220935	19.1695344210934	7.98740306664585	1.85566136210841	0.618911858019127	0.117184261521351
HG00256	HG00256	0.0983506362606001	5.44484758011464	2.38105756549616	1.22744636534512	23.0849006528259	2.57507693414641	0.028587651467132	-0.00612932672518085	0.147092723891556
HG00257	HG00257	0.151625486254729	5.11025965672479	0.742413649045216	2.04283537298363	28.924843787688	1.50904400010701	0.0205420197256356	0.856012028950017	0.218931269640746
HG00258	HG00258	0.214791048937185	1.58547817647317	0.520986576849711	1.18113866555272	22.7325307658843	0.701775688642563	0.0811006431401042	0.51023941311125	0.27697874558454
HG00259	HG00259	0.076054296900875	4.45143682136378	2.17486102705301	1.24727112406301	23.9784061696025	1.29641828083051	0.0233550921939352	0.277377606464602	0.227676311842335
HG00260	HG00260	0.328909012002764	5.0408301409899	3.00015389931423	0.831238232426276	28.8501335051195	3.27183164642362	0.227086252858536	0.394977444466478	0.21558196022113
HG00261	HG00261	0.0191062085986165	2.62867297240305	0.60808204544744	1.11467423221099	24.2991667782132	1.5532422299427	0.00709025610074665	1.24356554911666	0.10900183685896
HG00262	HG00262	0.0795454774388217	4.01704231254947	2.76332910586303	0.34013768098046	22.4203561836944	1.1064727223136	0.188643430470311	0.555156443467095	0.222850499537206
HG00263	HG00263	0.00676146826016184	4.60003509234514	1.74310767402401	1.02097051853503	24.3343219137624	2.00585920338751	-0.00122691288670623	0.128100169409561	0.241946174079227
HG00264	HG00264	0.0530323638852565	5.11197267649647	1.76119353660293	1.28467045614271	26.4482812951321	2.41544241994914	0.375227969500189	0.346229509825034	0.152755392731862
HG00265	HG00265	0.0178748142192502	8.69365644481612	2.42476522502428	0.796951937716654	28.0453919195177	1.50850774601018	0.0438318939458442	0.672529468796072	0.198042174254905
HG00266	HG00266	0.0753202472057513	9.60973985247313	1.6801873568833	1.8574464957936	22.7968635631175	2.29553848566801	0.0273815892764156	-0.222534269312624	0.340872818495707
HG00267	HG00267	0.120770801674852	5.71008505574485	2.95842920954211	1.41803657224502	24.0039065982274	2.4608546597787	0.058437750854784	0.297399761950767	0.212877927336267
HG00268	HG00268	0.0337174774280861	4.82795247109163	2.42280657915539	0.267949239600506	26.7477580930614	2.20960745090492	0.010372703545176	0.218427927133989	0.149850933445864
HG00269	HG00269	0.0480520878164602	6.2672223925625	2.7476238642047	0.30259545037832	20.5214843109464	2.49812510111944	0.0382396210205891	0.662972958054916	0.242997360835361
HG00271	HG00271	0.110608732325776	5.2302792988635	2.35691266300865	1.86631785903832	25.145638911745	1.4012711291329	-0.00979234323365001	0.336706215178878	0.26531421086663
HG00272	HG00272	0.00275677492958226	5.17015176897692	2.61028689660033	0.962147743933285	24.7713676844552	1.76357550362717	0.473273075268876	0.255122169097209	0.251093860128744
HG00273	HG00273	0.111438417004702	6.45410153604606	2.40572015887989	2.50789319671792	24.4439406592479	1.85936513385159	0.0467129419669094	0.0703597594492459	0.167146962580046
HG00274	HG00274	0.0362654617304598	7.48711040447128	2.96325514365927	1.12656264840729	24.4339309143188	2.30051076610366	0.0935008891001843	0.409074770544907	0.328047064780178
HG00275	HG00275	0.00456984626881679	11.290348433549	2.73078941638138	1.18994969722088	19.5854915725659	1.88803376579587	0.0666376340900253	1.19510515806023	0.372656771617182
HG00276	HG00276	0.117558567902679	6.92034603205356	2.26900510115834	3.357499613733	27.2200955403736	1.52343456867629	0.0149389570843221	0.255705479129189	0.179574935789904
HG00277	HG00277	-0.012426891826493	7.46039823031307	4.71644636449223	2.77124581347043	21.1050340293348	-0.377973211314603	-0.00989217944785788	-0.0376829202257206	0.314924073948273
HG00278	HG00278	-0.000490429723749339	9.10284453322643	0.403080466051549	1.09853089816546	25.113030884732	2.40143977828587	0.0515651822866674	0.0345689427492492	0.193471015868256
HG00280	HG00280	0.1555899220711	6.76661508043673	3.2609406191862	0.243672830239823	20.1608725662501	2.07196632951915	-0.00869053907497355	0.858187494000305	0.162469520276268
HG00281	HG00281	0.0226122946164238	4.17154237908923	1.42857717009929	0.688586000248781	21.3799580823463	1.14608409613575	0.0265923279634489	0.452511060494215	0.238014560782741
HG00282	HG00282	0.0674240983796932	8.05679348568547	3.2353394045448	0.650604461421869	24.0026304154972	1.82344934055441	0.025528963536868	0.285854260842931	0.210783263412895
HG00284	HG00284	0.0350057678936101	7.65130529444097	3.49202588203792	1.54067399884206	24.2373928999482	2.68394696157646	0.0223452882954846	0.640391048295661	0.154183295927187
HG00285	HG00285	-0.00596489735416719	3.1042775372581	0.858904006209971	0.0880140447757827	19.9607720624636	1.03530370048221	0.0840506865777035	0.112502443383542	0.261760497921106
HG00306	HG00306	0.0898270951306515	3.71749414116073	0.603387985752484	-0.583411038620362	25.2470081698835	1.49442943673391	0.124406370380549	1.66079510007057	0.101632305119129
HG00308	HG00308	0.0282593258535722	7.30203985914356	2.7862935510989	0.0132529037534082	28.7241506828196	2.80662828684317	0.405964289980493	0.439041762978807	0.416262955376744
HG00309	HG00309	0.207513670722515	3.9935463751494	2.63730690767327	-0.119883733683082	24.9036976987967	2.14326989365505	0.0300943197434139	0.733922663263157	0.195466922707007
HG00310	HG00310	0.0298337830817175	5.96368969267773	3.31966864802311	2.0230102548281	25.4649914837788	1.68898418580721	0.0770222076986048	0.294820374439895	0.236260772264734
HG00311	HG00311	0.122303222452484	7.28473479950421	3.09295461712137	0.517646410931542	29.7509982285519	2.20740542533736	0.0404533188375678	0.389731777407246	0.281622573110752
HG00312	HG00312	0.0999766052968224	4.056327552673	2.24732700260334	0.70677727515206	19.5239255642786	1.7542778887794	0.253525869077567	0.302068127546545	0.211945642582367
HG00313	HG00313	0.129742897008812	3.16075609466531	3.86164731863954	0.0938954465835318	24.1868968574978	1.01522411459557	0.0558705024381889	1.46321075352042	0.09074959010611
HG00315	HG00315	0.0562615995993805	7.5538790862248	3.85424090634538	0.151209259394286	23.6424791627123	3.53902530504158	-0.00161789818501522	0.9632300588444	0.147949449657901
HG00319	HG00319	0.144830072495345	5.29077148206466	2.67490826798656	1.19641165814143	26.8929255274679	2.594007693371	0.0346863658510695	0.47997878100078	0.144405405291588
HG00320	HG00320	0.0381683175018956	7.89871397728024	3.39235257770196	1.16196384648367	25.310284394172	1.75723473883032	0.0871782751920412	0.458391059450669	0.220072560909939
HG00321	HG00321	-0.0230611736547854	4.27043977157457	1.15344090989441	-0.153195594812024	23.1863844774598	1.48361050846976	0.179151093773632	0.132327200406467	0.314208920751776
HG00323	HG00323	0.04479186971713	5.24019285869297	1.81297727692258	0.912453465478541	25.5086242214513	1.07214113443641	0.0274611825286479	0.76787397267487	0.293958543004181
HG00324	HG00324	0.033902014217124	6.29277698064469	1.94091877568475	0.734583739228741	21.062949943774	1.1325047561007	0.0897887840946298	4.35969197311608	0.237927925076593
HG00325	HG00325	0.122845484444506	6.29822970094664	2.67801885492203	1.08962866919214	26.9844104868682	0.106278949136091	-0.0214470767441105	2.61142340563711	0.217685953913815
HG00326	HG00326	0.0850684868281232	2.9160136694688	1.94373290519951	0.703067867512787	25.1898157677694	3.98642047194169	0.0485150161608817	0.897383167061874	0.107499702721126
HG00327	HG00327	0.151586803057628	6.93189325771908	2.06165892612528	1.27897095065272	20.6303087249584	5.02926552271284	0.0253210238458502	0.0884746209650262	0.178140084041058
HG00328	HG00328	0.0746726874328373	9.10493525927957	2.02158435999664	0.300678777412185	23.0683550219872	0.812703766449307	0.201730879769712	0.152340853536132	0.240683369447709
HG00329	HG00329	0.307004750339288	3.32948922341731	1.93023350663302	0.426681103375681	16.3420592159772	0.507146927620223	0.0326536055688787	0.424215756777305	0.112336605866122
HG00330	HG00330	-0.00797958137278457	2.82460212587689	2.29608962000847	1.03409678821063	28.7901804712064	0.565489125141652	-0.0132452548593608	0.411763006770335	0.183274995859838
HG00331	HG00331	0.0103279838737372	5.20701170117837	0.96278077958532	1.25824570312728	24.2571783860998	2.43298486427011	0.200014721637557	1.4297378300653	0.213867877204719
HG00332	HG00332	0.0635758039842723	4.75953414021737	0.404130277980543	-1.13768353415987	31.2162287093986	0.88041361277355	0.0478816845306244	0.400438996363472	0.157693979105272
HG00334	HG00334	0.0196973589461925	4.50548669176465	1.72299723259224	-0.336746231088271	23.5656705696801	1.54788183294126	0.0648569007811006	0.0942653266383456	0.201666498762421
HG00335	HG00335	0.13829816212893	7.50424192568347	2.52936156132664	0.163049121479761	23.4580943669679	2.02015933278217	-0.0103663237281771	0.721511879433366	0.187568873234175
HG00336	HG00336	0.100153086540139	4.24164475121631	1.9136824000465	2.17691098724232	28.4290808826984	0.89845253129393	-0.00805605984966073	0.186855860664659	0.133034981337335
HG00337	HG00337	0.0346929642473948	7.76607167436337	3.03601953559748	-0.200340561176817	30.4693761713365	1.84518913168679	0.0227223798804018	0.770054806451452	0.216101172976887
HG00338	HG00338	0.0235230668332008	5.38284109605885	1.90655970199029	0.298751249072596	27.8541642995508	2.58506513833281	0.417186050279873	0.620814785036931	0.23503854008226
HG00339	HG00339	0.244322646468873	4.63991114773619	4.24739735042679	1.3930542352062	17.4751491427405	0.673278514448188	0.0328974248449018	1.45983459293069	0.191505256443979
HG00341	HG00341	0.00401570758046749	7.68066525695547	1.68643913168942	1.27019209903702	25.1122171503261	2.29605469641294	0.0169401467861496	0.494079455923553	0.158451919199497
HG00342	HG00342	0.0348008581277456	8.7186600319199	2.70661195985313	0.461969468182404	23.2097569920108	2.17267872963554	0.207527854951203	0.770786459336645	0.206713432396303
HG00343	HG00343	0.109562882833475	8.1744402650331	3.30328548929443	0.536707126281552	23.0951622032922	2.53789127950602	0.0743945062415026	0.400124804287949	0.196288917728964
HG00344	HG00344	0.0479965587506624	7.88907572158446	0.866508970165736	1.597111469248	28.3648368555661	1.48260137012154	0.394608135099215	0.751263742803299	0.251030187664939
HG00345	HG00345	0.0903532454153995	4.86955387449742	2.38614304840313	-0.139124114038215	31.204513235387	1.67877038637074	-0.00367929207396832	0.104850457347771	0.150209736000148
HG00346	HG00346	0.0753361714853495	3.59542170827383	1.89424951198281	0.475831553203684	23.4051110794375	2.34987355750922	0.348870191377479	2.04130968478059	0.293301814066213
HG00349	HG00349	0.0398683685926192	7.307245707462	3.31724525160908	5.0346852106316	30.4819893887265	2.71993350100124	0.111080846406855	0.634804273422493	0.178663129723207
HG00350	HG00350	0.0347005069480562	6.58582166190125	3.49617271026679	1.51349938221752	25.6109688542467	2.75888168869714	0.0461950900974627	0.577409146626654	0.26914876111577
HG00351	HG00351	0.114606867312517	3.56398678190581	1.37074653099651	1.84827389784101	23.5626575006577	2.39431547934988	0.0471586155419992	1.64655021260451	0.190950182830848
HG00353	HG00353	0.117197884072582	5.67437926033344	1.70770356831619	1.82740885505936	22.8659686047036	1.41317769903908	0.0377202023233651	0.470520799348802	0.159985823426182
HG00355	HG00355	0.111377520073133	5.26460711250341	2.32503599049458	0.240520404322742	25.6770068764859	2.31483206901649	-0.0119710016839683	0.606499954035483	0.155430634065848
HG00356	HG00356	0.0771727426836653	7.57267700239045	1.84562982890939	2.48083091332916	29.9864946541754	2.61049834809276	0.00249737445656438	0.50025354532716	0.123322218568186
HG00358	HG00358	0.00393919399576644	5.89030001830482	3.08437163251312	0.785476867927756	19.4570493808395	2.13413354314433	0.00546227434854667	0.597487614334506	0.180157309957361
HG00359	HG00359	-0.00846479409624271	6.53693401524591	3.57374634192545	1.30252750824351	22.440549998035	1.7826621639141	0.11854693140417	0.569791622750747	0.188335882661898
HG00360	HG00360	0.129919918724807	7.68150900801762	2.89349799636916	0.870623696526236	28.9851054685708	1.42981000064439	0.0258240924422878	0.688151740239291	0.0816307523441662
HG00361	HG00361	0.104928939257671	5.15210751742649	1.94963602048104	1.41356021446814	25.6398211280764	1.46283486494646	0.035011436966916	0.777995934104865	0.229848003954985
HG00362	HG00362	0.0139704789426867	4.96128430844674	1.98475297140263	0.419249850434671	21.8301275705964	0.804418195208653	0.174221989579184	0.992053278731518	0.393830322066125
HG00364	HG00364	0.131620147388923	4.49817858091976	0.68968777683427	0.157664258613262	23.5104937163902	2.81361205808501	0.0107760667651708	0.402337121060229	0.165160750332997
HG00365	HG00365	0.0731642205298325	7.67115517546004	2.03330923396089	0.442198250262837	23.464064648192	2.31993155983367	0.0759943027139304	1.40642760856217	0.227829119121066
HG00366	HG00366	-0.00897060784464539	7.73223208563254	3.56360062194279	1.38408096036212	21.6516204436382	2.46713564388706	0.0225439598060625	0.505652898095445	0.269514735039996
HG00367	HG00367	0.0856577367638619	5.86463287360598	2.19941002009783	0.44272447977067	21.5383145140801	2.3050861154722	0.0313099541699081	0.250074054762173	0.0902210586903026
HG00369	HG00369	0.207407466106951	6.42908241895629	3.13612686424614	0.338213566790786	27.3358297585852	2.82052334932009	0.00298097440907967	0.415006982916418	0.162301881385838
HG00371	HG00371	0.0503114083278564	7.09464307629909	1.96725277876881	1.70113240983496	26.6145920380891	1.17683371366655	0.240656737046258	0.396388578640733	0.199945315801663
HG00372	HG00372	0.0704357763462605	6.95457576335406	2.17663512159035	1.91341025229674	24.1475653835985	1.83688412166008	0.0406771086055574	0.480576623829647	0.250882546873441
HG00373	HG00373	0.150756806797716	5.92137899447449	1.52233042495586	-0.345270541274855	20.9799662312757	3.05412051271902	0.0718158070942837	0.675020333926202	0.152720098308684
HG00375	HG00375	0.116319491826065	5.33504119011668	0.50190751436065	1.09547708664855	23.461596804925	2.24688753951763	0.02283868844177	0.283604045142821	0.165208262254607
HG00376	HG00376	0.0882672396180788	7.05275075305459	3.52590042327535	-0.232838654530237	23.0167349657288	1.64339971184602	0.0230302226689761	0.528180784955442	0.259715610428944
HG00377	HG00377	0.0908459192558609	6.49071629525029	2.58650911858877	0.858390210409715	22.0270600968813	3.26111953669079	0.0247269195404024	0.302113649145908	0.163877214506374
HG00378	HG00378	0.0595966590324658	3.33992467326466	2.14460024169759	2.22166720683042	25.3834508799565	1.90124577071557	0.019854973978487	2.17679235389211	0.25042496649527
HG00379	HG00379	0.166064641155022	5.07327501395391	1.91388728400577	0.482440624092402	20.8894512311777	1.67527708259163	0.0122575456389672	1.02053038975159	0.239832288971379
HG00380	HG00380	0.0124382473548289	4.1265850156831	2.05501202507038	0.812915439052097	24.3575355196027	1.75441101508809	0.0266549886794022	-0.00681560134370285	0.232768243997287
HG00381	HG00381	0.0250361605115997	6.12159766841075	3.84561367119016	0.616562456548469	25.7900776855449	2.86892934187982	0.0523593766252874	0.270403480031556	0.194784800802737
HG00382	HG00382	0.000657349557789927	6.76578502196921	2.86949519527042	0.216694917911092	30.3482592406833	3.62773460917643	0.253767045923626	0.496539446670512	0.193053596525061
HG00383	HG00383	0.129437080300563	5.04326293633639	2.03839549552596	1.59772515775092	25.9773870310894	0.880269349757926	0.0213945497073722	0.990300069757536	0.232333056309518
HG00384	HG00384	0.0244144486207522	6.591073544479	3.64052557882461	0.66002396297176	20.7598458028227	1.06362143201599	0.111921685530862	0.266764374183225	0.16534885387008
HG01334	HG01334	0.178305023862195	10.8370555941876	1.9695855099622	1.23776894601108	27.4018146943722	3.19689983876059	0.0364576114299398	0.188994540990963	0.255781174331209
HG01789	HG01789	0.112426705152573	10.1908755419989	3.45623900150114	1.4975729764424	26.6591337437172	1.87410576045284	0.3023266003807	0.272556149471433	0.290532786323985
HG01790	HG01790	0.219778731071979	5.71549051974322	1.52136026335074	2.01123900717623	31.4532765210137	2.31182731043664	0.0169134848295594	-0.173991050910471	0.399486293276976
HG01791	HG01791	0.0164186518827719	10.8413252693508	2.75655386451698	1.32319371373879	26.6282455087732	3.65676937322214	-0.0285949703988626	0.428808967527735	0.148630341179629
HG02215	HG02215	0.0762984035755633	4.61854705805844	2.64472008882645	0.995093038818714	25.0675727220296	3.47627471469211	0.0218915773306463	0.169750667595008	0.143750681103949
NA06984	NA06984	0.170864486803976	6.32728462313167	3.90355887233736	-0.591980590720778	25.3258098340581	3.77720202241188	0.456822402320172	0.756442083622432	0.358602577346473
NA06985	NA06985	0.00143663204881531	4.28581499434757	2.21624051471737	-0.506771769860635	22.4320940680667	2.62898225057371	0.00708356354401572	0.608327521574934	0.247738308251591
NA06986	NA06986	0.0393062496826785	6.9003579548057	4.87004986271677	-1.36036740489276	29.4909296824036	2.7178336559649	-0.00918851464845116	0.238086728305096	0.167750006634562
NA06989	NA06989	0.126327238281565	4.86737782537885	1.57536496361198	1.44659435594216	26.037266143052	8.85122799118866	0.0170835667517238	-0.391086393684289	0.178252241399285
NA06994	NA06994	0.0381522508059202	5.405724285143	5.32469769954968	-0.672111619214678	21.8685788944156	2.0315241968792	-0.01865121288046	1.31139930898854	0.232844949300789
NA07037	NA07037	0.0908737489639848	8.30258494687534	3.55360289581535	1.26416619630827	25.7741255247436	0.848672102276353	0.262565894308424	0.976568053025804	0.0994607413525317
NA07048	NA07048	0.356200091226764	7.38501382575463	2.94559070153522	1.95722520586869	28.8872991185971	2.98898818572341	-0.0367621586512172	-0.132686927511061	0.0147397714887931
NA07051	NA07051	0.067860072170502	5.96798641394192	2.2912323988207	4.88999660380228	29.500347098521	2.07515796777438	0.0223894153429262	1.50288152126028	0.131297878257289
NA07056	NA07056	0.202270693583494	7.11225855096992	2.77238037851877	0.0264532808587654	20.8146798163807	2.22460103475544	-0.0121300596443774	0.728231871774794	0.15420246154523
NA07346	NA07346	0.0450519853871	2.62110935373886	0.981279616105474	0.519765993632252	23.5385808109077	1.43249531226482	0.121393347358528	0.191273503998261	0.22395643752566
NA07347	NA07347	0.0560771430962686	2.94492382974538	1.90047973667292	2.12078037260156	29.5891558197737	0.31180303285512	0.0705043499045818	2.05576250818321	0.0702005154874994
NA07357	NA07357	0.103966364379715	7.6933133197829	3.56866334008899	1.63578761522108	29.6421611418765	1.74768348925587	-0.00756213373363493	0.603766795906016	0.217727332327012
NA10847	NA10847	0.0902132507270556	5.03928770238848	3.28739685866264	-0.767334597948726	25.4257840656931	2.80949436552783	0.020126036519218	0.58726205035239	0.149150921029289
NA10851	NA10851	0.0857180343885349	4.80277876619244	2.15262551106244	5.82395122823649	27.8094548124163	2.93837058822214	0.0585616096702707	0.760180170492242	0.231957977513749
NA11829	NA11829	0.0156674428621623	5.65700588438624	1.98703624458929	0.384703445753781	28.7663738129995	2.15254643153491	0.0195115476216571	0.402801346704804	0.126133517921961
NA11830	NA11830	0.00075869284936704	5.98328150412577	3.27168267535772	5.5443599240756	17.0036868795876	2.44880603196625	0.0144620091416439	0.436821382423395	0.112734485464514
NA11831	NA11831	0.0373949149978881	1.19631131038643	0.982838883231329	0.475911477437181	22.5862293389775	0.784540619940573	-0.0104746846243955	0.000719518844328082	0.143750104448524
NA11832	NA11832	0.105773185825451	5.61507371067042	8.64590648718953	0.497257477660056	20.6200311976486	1.59451520031996	-0.00567897894683651	0.730576177722705	0.357665401072023
NA11840	NA11840	0.170939386284488	0.0559963932630447	4.08327944062374	0.82004882154365	21.3809972553673	0.877076135804676	0.0139919008153306	-0.628406456967088	0.0455755981124207
NA11843	NA11843	0.188974024470281	9.69557591445626	2.70688244457258	-0.82010910007462	22.7265552471811	4.33633298772233	0.0260135527309248	0.509381965893792	0.210396962706443
NA11881	NA11881	0.100142242465454	5.69575487140481	2.52291101631213	0.353656217308847	22.4710961641842	1.6663724448832	0.00975979068362409	-0.000805102943311931	0.243363283769659
NA11892	NA11892	0.168259192293963	3.62703689594347	0.765032322720596	-0.308795224707004	31.7706541698626	3.24939141708605	0.447007302988915	0.534896601177614	0.229640942593806
NA11893	NA11893	0.0959038641368072	3.7106592612002	1.6333013983019	0.30617855127101	24.8360103302523	1.96300247776221	-0.00730557064193148	0.730087435189901	0.18221785538035
NA11894	NA11894	0.0611577032758283	4.06609042432739	4.89775426473922	-0.397414388199733	25.4292854546001	2.40198869669835	0.0330542236906558	0.0131623457884117	0.239106830696671
NA11918	NA11918	0.0931552059156807	8.79936463254865	2.79259045812115	0.803062766411537	30.1362590234478	2.42638857615466	0.00248246053822007	0.116508116150788	0.149653471996299
NA11920	NA11920	0.0502562623367536	7.48432424254042	2.39784634213739	-0.459463050818438	30.1736729669452	3.89268054258052	0.394508054453223	0.386194924457676	0.116589919739969
NA11930	NA11930	-0.024465012778347	7.95119814979498	4.14235469892289	2.16212780781606	21.5023627259116	2.65639591326786	-0.00706314521013221	0.537504806556144	0.061457647849202
NA11931	NA11931	0.175799077596009	4.84641088609335	2.16973137778584	5.9274694600699	20.3736873561045	2.37658786414117	0.0214308066790998	0.515286850276159	0.236836941440795
NA11992	NA11992	0.139556328814085	4.82625417779827	2.02451694330434	1.74558458316605	27.7558265255646	2.32041366423878	0.182661783898332	0.385316101167224	0.189601396996613
NA11993	NA11993	0.0956880824801002	3.87211263532058	1.4929708306673	0.233997303202294	23.1631094513555	2.27691518579285	0.00875578105346622	0.18680189624668	0.0982528150534688
NA11994	NA11994	0.0618335752622219	3.37936752004343	2.0091601348142	1.10494201451836	30.7225555611842	1.61322005073462	0.0120650365236752	1.14879717624084	0.171807311281534
NA11995	NA11995	0.0213288261540462	4.45046532259342	1.60230980359422	1.31912918202812	21.4474157832298	1.6475148348775	0.0197295314369455	0.134652983243703	0.12487460936628
NA12004	NA12004	0.0383998415958773	3.97503071570382	1.26110864698231	0.930765544092314	20.6409730156253	1.73957843869099	0.0431383103426716	0.98632147389227	0.0495263359434061
NA12005	NA12005	0.181745440535003	6.70095501896402	1.42163724255913	2.92403864300604	24.241091233128	3.14136222567494	0.0422291403031359	0.473134120437101	0.249901084189736
NA12006	NA12006	0.07058402114019	2.02108255878984	4.32340892154788	1.29593081874565	25.9392869955891	0.885209153843475	0.134329347379764	0.945628444306452	0.113198321404171
NA12043	NA12043	0.138664593393147	2.37032863362051	1.05059706007643	0.887449854793533	22.117882385615	1.03947364643412	0.019538443666687	2.76368087997134	0.145780777866538
NA12044	NA12044	0.00131991340084563	5.86411157637316	0.731399099987894	2.29531230137014	22.6465606298593	1.90757764459427	0.108499169123766	0.479930521144553	0.398948995073901
NA12045	NA12045	0.0141310559123871	2.48028766605079	0.722264486149192	2.54279979666018	23.3371524900954	1.78018033169542	0.0707161306809866	1.54260383059632	0.187457199863782
NA12058	NA12058	0.130213312874086	3.27930276956109	1.13204511628985	50.9963842808911	33.3777717869183	1.22592464770842	-0.0387873515395049	0.662234725938492	0.195865949919081
NA12144	NA12144	0.0344045905805945	5.1198324745668	1.28100901859935	3.01294544799058	19.4370095828608	1.71662900462886	0.0284873249605655	0.366433577432236	0.235565619062286
NA12154	NA12154	0.0323145847657266	5.23597151680302	2.01837402310782	0.418584811808436	25.6162957619439	4.07319838192514	0.0162603891951352	1.10676786647753	0.296806119241798
NA12155	NA12155	0.0711900179510332	2.82883137438916	1.21272497894411	1.63349769868436	21.2343849073696	0.372988168733438	0.0582936457032837	-0.0676690311708431	0.279149494226249
NA12156	NA12156	0.00317590627910599	9.19019249801106	3.89977670822991	-0.162097265912714	30.3080574935776	2.4813160887339	0.171652627112472	0.423048542686702	0.354205653807623
NA12234	NA12234	0.0508218561578058	3.00583219530221	1.35077442751085	0.38426286378049	24.8639373901155	2.87342827819536	0.117299606296001	0.530152024529236	0.107233924469628
NA12249	NA12249	0.119766096916977	5.36626377758421	1.53439963163533	0.102202945415636	29.2666299936056	2.629312748126	0.0120813953923601	0.417661195545393	0.163591154691139
NA12272	NA12272	-0.0103462733322354	6.79044182964299	1.47117575937718	1.01695746409343	26.321875484056	3.08184149044773	-0.00339002570849745	1.56120927488127	0.178416971198692
NA12273	NA12273	0.163697196683006	6.61507388026512	2.70333910084234	-1.00173954552492	22.7522534790514	2.5966233107613	0.0534532530796297	0.818076336541151	0.248538333865012
NA12275	NA12275	0.0649074797450437	5.37623238588653	2.86265427070474	0.526841268661576	24.9678451369467	1.7249864755446	0.0226840554750831	0.106031264865359	0.163344505363396
NA12282	NA12282	0.0937492681838767	5.28515739224572	1.85887100598612	-1.2061199999602	23.9619655284372	1.66933085353417	-0.00070370068153594	0.280443371609175	0.0713131374983318
NA12283	NA12283	0.0254309088639613	5.57759931987878	1.00619725365397	1.20403716089867	30.0230679973402	1.37110344513984	0.147012855198352	0.44321360732454	0.218047034287735
NA12286	NA12286	0.238751590526732	7.57067176257689	1.67067466930414	-1.43079854165521	22.4192255943706	3.16411493376352	0.203240985277954	0.417167650168069	0.200925682946197
NA12287	NA12287	0.048464732964529	8.41201719057274	3.45210568319878	1.59705381409575	22.4241098915481	-0.317282368020718	0.0668901036762458	3.25411729349741	0.410644233560446
NA12340	NA12340	0.0128388094157369	4.64973235029146	1.90581347037652	5.05658827653984	23.7708956403752	2.41603636184468	0.0443713465465534	0.916668415382015	0.164199267697063
NA12341	NA12341	0.133811443653109	6.90310569212313	1.97396762566233	2.43796062024094	23.4998832476944	2.68540017273785	0.111968365331119	0.401536051479861	0.248489936728601
NA12342	NA12342	0.0763941354890675	4.27163478115383	1.87321687142622	1.10711419850444	22.6675446639839	1.58214591393104	0.0641786478497257	0.438610622602492	0.153999346523398
NA12347	NA12347	-0.0225985142121496	6.23320994700861	3.74251339885574	-0.54634370283185	33.7966284332388	2.82965836750841	0.320064628577031	0.139869222150627	0.137167226911998
NA12348	NA12348	0.0248637416299418	5.48806245847573	4.1168348074104	1.53567919454595	23.7600003804788	5.20078467781208	0.0330677552433619	1.04176248554502	0.0312536253350442
NA12383	NA12383	-0.0239869365085605	4.97125189095355	2.81166041572831	6.09363485176739	22.1640086146391	1.99841982593217	0.0058884782621262	0.475129837165773	0.210356491144215
NA12399	NA12399	0.18232562605507	4.17914208058841	4.12258103470723	0.942775121925048	17.2524173521829	0.464929814755102	0.00448229531577281	0.198520070816395	0.285984573049667
NA12400	NA12400	-0.026730458098342	3.90877197742647	4.56431993652544	-0.135528759009644	25.1628208645757	3.00660817166848	0.0234486704651774	0.373955637784659	0.338375686187097
NA12413	NA12413	0.0345193855454379	5.48900295238421	1.9373003318843	7.50945799817211	27.663300703246	2.39881553359018	0.0208827558828585	0.215038095132814	0.158472874050044
NA12489	NA12489	0.0309633147397414	6.36180182456211	2.39247824712223	0.760375255646594	22.3144930788242	2.95112891693554	0.352770394504492	0.626526980774185	0.225402357872592
NA12546	NA12546	0.0215658892300426	5.02199734191821	2.56201104560853	0.647137715380587	26.6130012183541	1.70409467440814	0.13337603468227	-0.243517633727451	0.298288886612465
NA12716	NA12716	-0.00815599516608301	2.78333962324904	2.11134087304779	-1.26534352170953	21.7861652822678	1.87574764629943	0.0769544207195253	0.372583340239416	0.221178979870143
NA12717	NA12717	0.179819458408301	5.7001827813247	1.47592649010647	-0.853986782577532	26.2922283734893	0.829241976377072	-0.012460643178542	0.965053848428661	0.222849099557765
NA12718	NA12718	0.0420758255335193	2.72833680244518	2.37273460611885	0.682637143213328	23.2397821217704	0.710671295763786	0.377263351616724	0.690263144218274	0.139280672795157
NA12749	NA12749	0.0775662909085005	2.21119102548756	2.6144005485674	0.248883666226718	23.8626816019531	1.29335026425301	-0.00897788272350325	0.061962839660278	0.115478254153563
NA12750	NA12750	0.121457903431725	3.59090123115852	-0.47376455739378	0.190032179867706	23.4395762528825	1.71058442139123	-0.0158412256336092	0.752889602218758	0.0794769997043083
NA12751	NA12751	0.0501797365711088	5.54840390204554	0.785324323669543	2.94496000898088	24.0398604274271	1.30889756996858	-0.0119628981883615	0.407161293090614	0.363126967041988
NA12760	NA12760	-0.013068705052705	5.6993018069845	0.854368236750892	6.14775938588575	27.0657630072986	1.48001840050601	-0.0122622324467877	1.50317537014154	0.180838724110016
NA12761	NA12761	-0.0117706310382293	1.90391425889953	-0.0603169479585328	0.155844109844531	21.8414306562651	2.11530017644091	-0.0313140535515261	0.132741264661087	0.223028171836474
NA12762	NA12762	-0.0076846274805948	4.6817776497723	0.633173324718005	0.136670460898705	23.9811238308635	1.87037418161812	-0.0162343627902165	0.305469539562408	0.241741666099924
NA12763	NA12763	0.0239064451768745	4.16948257099613	0.796195691816423	-1.38933077565221	21.4767645722019	2.6000570716896	0.175055340083221	0.346556356668001	0.232299774086681
NA12775	NA12775	0.126684484652034	5.47888419097706	0.674153886431187	-0.171592789621752	19.5088225193199	9.01204819773428	0.00179286184472448	0.495647860701507	0.223429542407115
NA12776	NA12776	0.00198730588671593	6.98586605827091	2.5677554296283	2.64625788935029	22.1895815040211	4.76749797300694	0.0621060598922529	0.487442408976227	0.147698845525314
NA12777	NA12777	0.0474933055189321	1.15227917139851	0.670117073131478	0.002907385038045	32.9087144692358	2.65110133557356	0.0197596992099238	-0.0155534187453887	0.211286117642978
NA12778	NA12778	0.0328257238660577	4.90917964551737	4.01360518850334	0.94691508049646	24.5755357850502	1.87291247551192	0.0804090480015068	0.29837751246955	0.187686471124198
NA12812	NA12812	0.0168765809276356	2.01180487392814	0.651036686061883	0.437024892547429	20.26664390929	1.8093111354217	-0.00353024736278902	0.275269289641884	0.159297140540812
NA12813	NA12813	0.0804581352200952	3.9185515265967	2.15520203406852	0.647306303453109	21.2124577760203	1.47184558722704	-0.00416444989788425	0.241281109931543	0.27730191811719
NA12814	NA12814	0.00600794543855381	2.11739900687777	-0.355656589827298	0.796852103505618	22.6442327303872	6.89061798593732	-0.00603254124758998	0.265111801077224	0.183553055309614
NA12815	NA12815	-0.0042296926435775	4.44503733294171	0.687617754550576	-0.925258325573701	21.1995422682156	1.9467342347928	0.0483971892245297	0.621239358257955	0.142109096162227
NA12827	NA12827	0.143565384105999	9.31508054777007	3.57108917240565	1.44604896070633	22.2623809458117	3.1494497884467	-0.00796416860471424	0.529832112198551	0.149410701870595
NA12829	NA12829	0.0305675275043766	6.78137058828551	3.14252271122307	1.90831990486509	26.8007402867504	1.2096514700899	0.0462649357050676	0.718051578246468	0.200359856417448
NA12830	NA12830	-0.00211776016509659	5.86740463290823	1.77377094091041	3.87425745924053	31.2973447203974	2.92925806662218	0.014789571280421	0.62883371689142	0.188780198344697
NA12842	NA12842	0.016837284669755	3.61855513763868	4.58555872600548	0.362275669372151	23.2468891376084	0.505170777180584	-0.0267565389633106	1.456958483879	0.168292334700019
NA12843	NA12843	0.153014632441554	6.88238975277733	3.97565463419656	0.748240377826697	26.1914460425609	2.38156262268729	0.24887948763926	0.331197400957422	0.262155927306107
NA12872	NA12872	0.176965592145146	3.44997238003726	0.876039594751389	-0.196976350447867	22.3816797956928	1.1487462815601	-0.026373592942381	0.238915231363833	0.231158560016282
NA12873	NA12873	0.0147593550639484	5.87285131144053	1.01492536495236	1.21146403517409	24.5377053359523	3.23712282654508	-0.00595483707700882	0.619156334823909	0.139545698015363
NA12874	NA12874	0.00980137694879837	2.35110979239151	2.79377109031972	-0.195439052649091	28.4879935172704	0.994616977703513	0.00850410693523383	0.408331882154893	0.218647440992786
NA12889	NA12889	-0.0056799008714184	3.34334020266962	1.87314129781362	-0.385039887726462	22.2494883362641	2.81223955768799	0.0037105188532507	-0.183227701936938	0.199919350892205
NA12890	NA12890	0.0813914950513886	4.70804851273683	1.57032603003708	1.47875832381696	40.1985254128006	3.48673408223238	0.0247260088009299	0.246669614608467	0.184731036532017
NA18486	NA18486	0.14905748366401	2.03180817157603	0.67105907471231	0.78642192221825	22.0232907591089	2.01712527125879	-0.0188467686729491	0.527775083228419	0.172435702774947
NA18487	NA18487	0.00229980202928794	8.42937175496481	2.47447470810577	1.77137059314294	34.524238713968	5.41748651739375	-0.0270060796380779	-0.108259050827696	0.105330973761433
NA18488	NA18488	0.174936474472573	9.57529184977452	2.4469365459579	0.0893383227941658	29.8338955824266	2.90879190965307	0.0364432060273815	0.773153322703115	0.199616716482239
NA18489	NA18489	0.116693118878958	7.55883313791607	2.7840578946298	0.623353578288957	21.9603925225532	2.06673524629845	0.118068613410734	0.491095552948994	0.384908901930561
NA18498	NA18498	0.120488913473878	2.73850494754195	0.276706568003916	1.58958643437416	23.8661971459306	1.96825210053486	-0.0240140473859982	0.249970156360859	0.15707809053461
NA18499	NA18499	0.244180517800834	5.89464725413288	2.34478055758903	-0.359730047328593	27.5589005372058	2.97599548766248	0.206561223425725	0.600393339484681	0.261499444325069
NA18502	NA18502	0.076240959274703	6.9453982156259	1.47646602294019	-0.4129101549173	30.323791557039	1.79670153747043	-0.0289992719001835	1.10831238620114	0.164520210226602
NA18505	NA18505	0.08566974490237	6.29965775160525	1.73874945537414	-0.13013705462345	29.9635178880467	2.60085377076416	-0.0185751613031541	0.131196326142251	0.105123412349008
NA18508	NA18508	0.0185481382376473	3.34694323123144	0.528710470561172	1.6872507841651	22.8995477891012	0.762659450211519	0.0290133838628365	0.301773501448018	0.249850964581582
NA18510	NA18510	0.0652012695214814	3.9521559927043	0.987017463625526	1.06405877494383	27.1736931438241	0.819825274169122	-0.0272794783908012	1.15855153451571	0.129426325171575
NA18511	NA18511	0.0548006247184382	2.9724194128387	8.310218276381	1.4357059286728	28.6482861373752	1.76575884382481	0.0642120065287584	0.468303186340609	0.0801977953569396
NA18517	NA18517	0.0307234474824413	8.25315693219304	2.10744623425258	1.71853285733187	22.9615716014429	2.50417938266929	0.0139601249425508	0.098367277908854	0.525267002177084
NA18519	NA18519	0.166694271452699	7.02145317165925	1.21730123593934	-0.779942807018696	26.5555472259248	2.43613483737711	0.00899924042010115	0.51462739126309	0.250512054719918
NA18520	NA18520	0.0293736262159749	3.14728892640666	0.429134984282497	3.96917517522964	39.2197793229428	2.73809895363489	0.0939166269260592	0.494255363446127	0.218248632286475
NA18858	NA18858	0.035268647782797	5.65028529561062	4.03755484926432	0.9073521245362	22.858583373809	1.40419692589009	0.00342869476817735	0.301338426522639	0.235367080253112
NA18861	NA18861	0.0747438616843779	4.39763525260179	0.100205664505873	1.81025490430043	39.2607933841039	1.99048527828476	-0.0251451474716479	-0.323991998133549	0.0506055323280198
NA18867	NA18867	0.141775543651818	5.74381779058376	0.467820812957769	3.31845772846113	23.0959224417658	3.110424389935	-0.00146969755730024	2.0778914904778	0.181510867150389
NA18868	NA18868	0.00821586692416458	3.99671695829877	0.746602656713237	-1.03705594255795	25.2589584580177	2.25106572900724	-0.0323110942820825	0.362676916366468	0.119685174237816
NA18870	NA18870	-0.00704168347248083	1.29994046810625	1.92888319267883	2.61464959120422	30.0710624062422	-0.350297689203397	0.0391880645582492	-0.308991672706343	0.120695444737471
NA18873	NA18873	0.0652407856695558	4.51015819013289	1.89663811678654	1.37350597466115	29.2620313057533	6.10525108694471	0.00543601952474145	0.25359169460659	0.274184649282699
NA18907	NA18907	0.0216850282704745	2.31332374029328	0.751942803575613	1.39577986702964	21.1512161927256	2.8191998638233	-0.00434926000481421	-0.078410322491035	0.111182109858355
NA18908	NA18908	0.04963611489429	4.68287287424205	3.7149081679462	2.25455568919714	28.3518993325783	1.27715753371444	0.211700072726607	-0.0551453449612735	0.176603473168125
NA18909	NA18909	0.0259104143281002	6.54663654558362	5.70335241278769	1.60186431781222	18.0323308650768	0.56939479759637	0.00136788607089061	2.3052327005392	0.190531068388672
NA18910	NA18910	0.0442445549324298	2.24004086910013	0.886562083242473	1.53881721978517	24.6715503633251	2.34663313109724	0.0986518337172757	-0.387925451459845	0.144268757754688
NA18912	NA18912	0.10656132195945	5.58529198072436	0.659661279611137	2.13824529547353	19.6052492646842	2.9554726989003	-0.0177053098954764	0.356959509895842	0.169311106914587
NA18916	NA18916	0.141997197117025	7.249615641032	3.12150260807531	2.40027539205705	23.7090911182247	2.33274126549312	0.0776775320915798	0.46247474803108	0.311769299893598
NA18917	NA18917	0.112156113868824	6.02638465223712	2.94656394088592	0.516331494703644	29.2387482870979	1.6696457109168	0.0510572547949502	0.331459153067473	0.305701971094908
NA18923	NA18923	0.105914886779606	5.29578355265198	0.623294547850747	0.825666369042344	25.3218105066451	0.0852452935916435	0.294852069514285	-0.15875664226681	0.150367341112129
NA18933	NA18933	0.228453276571308	5.63260520405853	4.13631305887215	0.826072936556786	22.7331833115547	2.5423251370455	0.0317069084818246	0.214260987041854	0.110484832543305
NA18934	NA18934	0.0674964721403979	2.08010851214574	8.3358059988205	4.32269796960507	38.7663982522522	-1.01378010606167	0.0204613668406563	3.250795911974	0.437115332956566
NA19092	NA19092	0.132800346092142	7.53065569626712	2.1808637953156	1.87584300923273	19.4933210996748	6.99467761491275	0.290019770534795	0.3670030412671	0.211994042816309
NA19093	NA19093	0.0381823720413187	10.7582262424091	3.57167884684902	3.70525998939414	23.5285967091054	2.55052152414967	-0.0225076823546182	1.86271131901089	0.222076952781385
NA19095	NA19095	0.0572457864291846	6.96701188602901	0.881249461900085	1.37865655604191	22.988090938558	0.0589321074198503	-0.0125240101432604	0.320587955064435	0.105735895583379
NA19096	NA19096	0.0337456957462015	4.92900481001226	0.237489769867981	2.99016174131968	30.1676282513274	2.68799635496518	0.0151607615790863	0.133030462177198	0.149157991447876
NA19098	NA19098	0.0431476416277921	14.1199913210379	2.75919763683053	2.33577551072069	27.3582502513939	2.10114578142536	-0.0292297558558844	-0.474327966054906	0.225242844508998
NA19099	NA19099	0.0267763025725823	12.5818054154129	1.16166284738125	1.17672864354322	38.1998497925683	3.65079780126023	1.35543026667192	-0.0635750383171326	0.220929603679463
NA19102	NA19102	-0.0207039125575553	5.09716915413825	2.91623501972917	3.39096871091586	27.2365687405124	1.89240370459334	-0.00786060847550993	0.655828025623417	0.193492163141821
NA19107	NA19107	0.0780327665240191	4.83751495525583	3.28615932243296	1.08034133289131	23.508786743256	2.35265458407087	0.346194087076346	2.36943834920302	0.208426736609644
NA19108	NA19108	0.0672208836182843	9.75700425844585	1.91978068662316	6.1032310199079	36.8947918822361	2.851624418371	0.11666857724741	-0.240806823699541	0.172085778809758
NA19113	NA19113	0.0525526763414313	6.66387406106213	3.15741263239776	1.71877229174112	23.7427382532284	0.986983282988097	-4.4921387594779e-05	-0.261901581533325	0.290689288383725
NA19114	NA19114	0.0518680497094313	4.85581809827076	2.59605700205683	0.0785178505470809	24.5611985570292	1.49431094561188	-0.0274860768871271	0.120910133176021	0.268670881878635
NA19116	NA19116	0.113968027882659	3.51554324062646	0.74633338971475	0.530875893140038	21.3848539624995	1.51228493855538	-0.00847795699130302	0.954642003419776	0.338086036160359
NA19117	NA19117	0.0394747088891888	6.38799566462504	4.34844388855448	0.777596314401553	24.8537837110669	2.66513140929778	-0.0186601343210744	0.0117083480311678	0.281867514288057
NA19118	NA19118	0.025045369822961	4.6078087380104	3.05947619355399	1.57275088236397	24.4628418983481	1.80187881061532	0.144617135743312	0.809788553818232	0.315066729071415
NA19119	NA19119	0.0978226989977329	4.44934460905136	2.80690384538276	1.42706716207269	31.8403326918954	3.95385199550476	0.0934977507641896	0.148642188349419	0.169133091441203
NA19121	NA19121	0.0863013581829629	4.92804492300443	1.44295215217887	0.778353490214332	23.2132387917791	4.30907518715196	0.00198522375030613	-0.0398744021239936	0.216393049280455
NA19129	NA19129	0.192015953926627	4.50575815221186	5.39139670930806	1.22310122268802	28.8598470484238	0.689923730426655	0.811584296991362	0.158024904607246	0.257860845953948
NA19130	NA19130	0.0914969338043735	6.41802501473978	1.37054917579502	0.365565344693485	24.6500214340609	8.380265907064	0.0313735680900157	0.46112179764153	0.226378208076479
NA19131	NA19131	0.0637292830425492	6.26994590141814	3.88987389591004	1.62480888843318	26.5124348696407	2.17792523496194	-0.0315584389929795	0.257184701226727	0.248824212127872
NA19137	NA19137	0.240900757217116	6.73127040862394	1.74567247580455	1.38450681199774	21.0432647521649	4.08084771263791	0.0656658179510651	0.0637662671046179	0.119270635912061
NA19138	NA19138	-0.0365415855331984	7.17217334357923	1.84401146497026	-0.658958060743767	25.3883890553619	0.365473028129037	-0.0259631883458416	0.780566170567102	0.0832461515281007
NA19141	NA19141	0.239771082946402	5.44512061677594	2.17376276318903	-0.646036699542926	25.7987408313512	2.29480889066978	-0.0342192153124709	0.594391144814397	0.0817935732694331
NA19143	NA19143	0.0349058119537891	9.61654318790958	2.37304413202722	2.17192237072129	22.3820315756044	-0.24637314450736	-0.00721377935131275	3.03261329069612	0.238387020235949
NA19144	NA19144	0.0124364821125719	3.32869019252749	0.319396449225237	1.98191148059275	25.8244500272857	1.63505634605469	0.0129633676252693	0.177388328909946	0.166526910413784
NA19146	NA19146	0.0153360863237502	8.31531650542495	1.30994248310184	0.701570413757326	25.4620018469846	2.00260878779073	-0.00785275815245334	0.131050540900839	0.24934386483399
NA19147	NA19147	0.0303126827196002	11.130183331373	3.59974094089545	1.3268193066484	23.2498648281605	2.14264906650484	0.112916550995141	0.0131359266966959	0.246313496018697
NA19149	NA19149	0.256297522071659	5.2299290554908	1.83731878001671	1.09174746722969	24.0725663000751	2.46937599864429	-0.0220121157366745	0.0492444509189146	0.0945898301137431
NA19150	NA19150	0.0184351455828003	16.6603835253318	5.69682308408885	0.838972827833191	26.3986614764282	4.95812908816576	0.121471383291042	0.151329368868427	0.174218891863596
NA19152	NA19152	0.0349696198677139	7.46281770354546	3.46465667005512	1.5619012793289	22.8707329040285	2.24746009804256	0.049737423943383	0.425933980584943	0.179946438596153
NA19153	NA19153	0.0701405416929007	7.2682889905863	2.18216208370789	3.10433800746199	22.4919112041333	1.27422136818423	-0.0187856741071859	0.872329212396853	0.166971062703468
NA19159	NA19159	0.070438873478873	6.00061004834086	1.37330097200752	2.73232120282088	26.9609777513872	3.47340936661042	-0.00950426974680184	0.592500170540156	0.13098291237483
NA19160	NA19160	0.0422754950149469	3.87005195049759	0.62891935591299	1.4657206080752	25.8970818719884	0.750366816749146	0.053219236029718	0.167844076162461	0.331069215927589
NA19171	NA19171	0.069141252956221	4.09959536265455	1.8828573612356	1.14710221607129	23.4487925185106	2.98965147888285	0.0118204131529585	0.139399046366233	0.158337556457921
NA19172	NA19172	0.0685726135923991	6.59693658523938	0.814360112046873	1.19817984023303	40.651028166799	-0.257646245830956	-0.0163597301279201	0.45410756883839	0.146673044988061
NA19175	NA19175	0.0826646272691005	4.70409796268662	3.44406630644337	1.06565637479016	19.7897277795669	6.91680603919684	0.034069995734077	-0.0699663687596983	0.3044393067909
NA19184	NA19184	0.076551864492439	3.69905746690549	2.89685723138197	0.553602366406281	23.335276621263	5.2268254536462	-0.0220688082442355	0.526556045385382	0.246320773865484
NA19185	NA19185	0.0300401741588633	5.21113434844019	1.60987695727112	0.670453856117391	37.6063190602604	3.22821172824009	0.0131357325763881	0.237409903783417	0.212015701504193
NA19189	NA19189	0.10700294211642	10.523203659025	1.95555925162144	1.73326109033439	28.3322797170706	1.96915209578322	0.0531949022181696	-0.338946647280312	0.241934139180409
NA19190	NA19190	0.130930795857334	5.03588302084014	2.66955028531893	1.79393282449852	22.6691076858756	0.89563284368269	0.0973805379567401	1.70769018438983	0.279995965706706
NA19197	NA19197	-0.0345543978200255	15.146306818334	5.40872707836468	6.6788692598375	29.2831123715681	4.8519456585403	-0.0210019430603347	-0.0249957952758596	0.155374947931492
NA19198	NA19198	0.100561899239686	7.18541962490459	4.87234986522985	5.84698715076579	23.4702350215262	2.45598928419199	-0.0321026737576412	0.249345683993679	0.374305168820716
NA19200	NA19200	0.101624906307704	6.57393361461854	1.2661736422205	2.72945453200198	27.5214335663008	3.43363020355459	0.00656532422582984	0.448318398361523	0.239023521194338
NA19201	NA19201	0.0944484804425853	8.5346851004151	1.25487590356599	3.11257720715897	29.9696354033155	2.22990888709946	0.00722195987412866	0.769030559371301	0.226448958383295
NA19204	NA19204	0.0868466645868369	3.63823962351684	0.625962329858727	1.43881917460336	25.7022920314906	3.60869885734497	-0.0248108210134636	0.699440394032583	0.0965747060759748
NA19206	NA19206	0.132827474992976	1.91643691757742	1.96393340576514	1.10457604564132	19.8899807236026	1.24504280652046	0.0270847005778923	-0.0601741293217045	0.200160743098922
NA19207	NA19207	0.154554228246306	11.7752050495077	3.06091723378523	3.86917216257191	17.6479575270616	2.32762171599922	0.0859972885776847	1.7158992501797	0.239537204520592
NA19209	NA19209	0.056179502890901	7.6904972823836	2.55790130204714	1.14197728279513	24.6080662420693	3.08465739456433	-0.00931936000873024	-0.107242097543283	0.193321184604715
NA19210	NA19210	0.110499237850433	13.4755229108416	1.62039575386642	3.85089226532705	17.5173361157651	1.18075269955234	0.00157402115411676	1.25138483562744	0.231618851568466
NA19213	NA19213	0.0739779414346169	11.0964736189404	4.41953984797062	1.32467790758052	28.1943384674479	1.81618063322311	-0.0291126281110972	-0.073240864752842	0.0993941481597659
NA19214	NA19214	0.0547695466992346	6.16551092806844	2.73156385243328	2.03247794720379	37.4139172941373	1.93585225727832	-0.00461580611106539	-0.0702933991681314	0.254941957747007
NA19222	NA19222	0.0433477924679673	5.92024731191126	0.750243186298118	1.38311514067964	19.8952784164682	1.41622788483026	-0.00348436347694683	0.460813244129883	0.170340797566311
NA19223	NA19223	0.00299527773638099	2.78121684837994	0.572903541809949	1.0562478603668	21.4312442976969	1.99814940461676	0.00792341015106131	0.138682453613287	0.262488446068991
NA19225	NA19225	0.0939068404670202	5.27272572119728	2.71301870540141	0.789028443337734	33.3328538795086	6.17705567362299	-0.0230999139066929	0.297668660965509	0.307184479496591
NA19235	NA19235	0.0392281702548304	11.5747913330283	6.03376330150057	0.622324766500657	31.8479896159318	3.65515728258945	-0.0146619473084091	0.691442267975739	0.223958210845063
NA19236	NA19236	-0.0320314414731151	9.94873843613421	2.53058567784684	0.326172168389141	29.6908857561572	3.0514127611682	-0.000392821208711799	0.632149809555785	0.0948455870466899
NA19247	NA19247	0.171667010152459	6.80642602416814	1.81477801927839	1.35850657959747	19.0190394461976	3.35135901083662	0.0740538817530517	-0.204671470497008	0.0513564374863236
NA19248	NA19248	0.17422875954475	6.45145410522265	4.01531697599019	1.3781144453754	42.4873070833601	6.61719159024537	0.120107272425847	1.08399746900261	0.210164192988887
NA19256	NA19256	0.158032083656987	6.6937951384738	4.64384055123382	2.55150755338026	23.1618656796598	3.37565941087352	-0.00538886615819303	0.202643230910494	0.261051075957532
NA19257	NA19257	0.0311914584910468	13.0528177705914	6.41204575270891	1.04780491609339	21.7597358158313	3.23462452054406	-0.0214561539163051	4.15654126279927	0.392169091651996
NA20502	NA20502	0.0725146853545124	7.29261921856692	2.94456108671942	0.457026342434023	20.4238373692524	4.00901181448951	0.0415699131812234	2.53488122192087	0.195240658959781
NA20503	NA20503	0.0377665518853437	4.7068859456664	0.737307400878662	1.64478215676954	30.4170815447423	2.13234435639316	0.0220735743055175	0.41984924800623	0.144315550271795
NA20504	NA20504	0.0213546081349827	10.900673246386	4.53970197868709	1.66312650246643	29.6730261867306	1.89650825123742	0.0303448027652891	-0.27425125713561	0.223581301026527
NA20505	NA20505	0.0383586578042483	6.21988264057605	1.8221124791772	1.17792301261691	34.4958298495044	2.33367082376875	0.00850484828030715	0.333528832152308	0.230308329779981
NA20506	NA20506	0.0561423679100942	6.30858153275893	1.87001994014032	0.0195692312980935	23.2881058930281	2.12478401363918	0.0163923228172681	0.524235159766399	0.192151437889746
NA20507	NA20507	0.0496838540255104	4.2055043647034	1.91817289664169	1.06195240060185	25.0739552399822	2.40218377820234	0.0811826745262669	0.84485682944472	0.185523108224163
NA20508	NA20508	0.0175767485778142	6.74016485920133	2.25384356864828	0.527439248846782	23.2296861126237	2.17020628810982	-0.0104099617762516	0.223191254172032	0.162711293030869
NA20509	NA20509	0.055841967784967	11.2075800778715	3.48418689174672	6.99551261302391	22.6974151145692	1.99663994030101	0.0621684320810055	0.8470694560175	0.234338661257171
NA20510	NA20510	0.0518140022260015	4.4231656810803	1.28310476261329	1.83282237026174	33.3118388029456	3.80944971765876	0.186039849927804	0.0274755402884117	0.144691039449333
NA20512	NA20512	0.145972545139225	12.0548986078574	1.00542351303647	2.02822475108934	25.157315598938	2.10368433562881	0.0533292149442094	0.638025489734651	0.11748851323848
NA20513	NA20513	0.0170448231923295	6.62216971314412	2.37998358527056	1.36699645411733	24.2111679643957	1.72536174403043	0.0340129287307221	0.242178699973502	0.135133535373301
NA20514	NA20514	0.00707955703195975	5.78933329697886	1.90401875116377	1.02046612416938	24.3038643006413	2.26124968903502	0.261102547651168	0.602198236486723	0.207292668182347
NA20515	NA20515	0.0680226712833643	6.56275449663818	1.89637690871937	-0.180453776785238	20.0964269671734	2.69169301086999	0.0381079373859939	0.461590630567473	0.200721507307145
NA20516	NA20516	0.0700900717334975	5.81997177768335	1.76748809076903	1.99691364869917	31.3711741610228	3.6006644230137	0.0393865088881392	-0.0658055291890001	0.193221526465332
NA20517	NA20517	0.104354483070054	5.56303536556127	6.52871556278402	0.681861563826591	20.8960619010717	2.85597221181245	0.0419756876874753	1.34576340197901	0.21308779567025
NA20518	NA20518	0.0785648850767773	6.32750733601335	1.46036558766937	1.43866526340113	26.0865204612344	3.10498984721948	0.274325971420011	-0.0447311378759663	0.323523980326999
NA20519	NA20519	0.0681496726949293	10.1035556261793	3.00919466199682	1.15253112004665	24.0153140688436	1.55048320671743	0.160031272629401	1.16340172157594	0.256387792048283
NA20520	NA20520	0.0685670415409546	7.4186938025064	3.10110240972007	1.66833151178427	27.9195412466477	1.50351266825126	0.12189180937616	0.537744225049766	0.191527923057161
NA20521	NA20521	0.0156316723098018	5.58828380015081	2.90450334436907	1.81195846622921	24.8258008299809	4.39296442840002	0.0830247401102576	1.71986665061021	0.234941882607751
NA20524	NA20524	0.0615158105336656	5.90014039420024	1.14400302321782	1.2437809276208	27.2333121922428	4.47500565087353	0.0890800287125478	0.583078654997611	0.212273271416955
NA20525	NA20525	0.0144948951002097	9.22222005028804	3.14606271431873	1.1149614286662	24.0636718910684	2.50601831278442	0.0266983233390302	0.25806172916026	0.178239165981423
NA20527	NA20527	0.071916229671415	5.55533624624755	1.39847391101857	1.56846722170404	26.1224871678404	6.72117043319845	0.0556114033593226	0.451710052480337	0.199134313494964
NA20528	NA20528	0.0819968213672392	7.23810791258761	2.96074413629921	-0.0210684405213035	26.0114586494466	2.96802742539833	-0.0332928848978421	0.641283683998936	0.272244975889663
NA20529	NA20529	0.0248994434552089	5.67878838598211	2.17510218108739	-0.206582256624134	24.4085159999223	1.77402796503903	0.372492568181977	1.06160513520346	0.181809357944265
NA20530	NA20530	0.0914776292334055	3.03369985193401	-0.105450384261449	0.32278229847304	21.7862960581532	5.33359706898659	-0.0322968824000008	1.77492421447664	0.209887584197084
NA20531	NA20531	0.00588912601013819	5.82314454093691	2.90075583512625	1.2777299925353	25.1622783586441	3.81188295356478	0.036296171733103	0.273846099614844	0.309132445530222
NA20532	NA20532	0.166050026190675	10.2452001952344	3.3901918533898	0.408687704940592	39.2329578342329	1.958021373657	-0.0140449714974788	0.61709646109569	0.157758058407498
NA20534	NA20534	-0.0042904295534127	10.8686336098664	1.88672648429622	-0.111176047989948	23.3261394185577	2.26148977325703	-0.016714723384824	0.228724322288469	0.223687264404901
NA20535	NA20535	0.075636140180084	6.9260899358914	2.57978296844054	2.43444529094126	32.8598706105229	2.66591579768685	0.0574040031074684	0.685255695867372	0.170230157334322
NA20536	NA20536	0.0172640116638167	6.15774322030846	1.24691547560744	1.31589831806778	26.254375055125	3.15283626035085	0.0313835234399299	0.48754461042564	0.184397290128415
NA20537	NA20537	0.0204104804686687	5.46591082443354	2.19853965221384	1.31392757288201	30.0065762802989	3.51704930711416	0.0469121455173925	0.651939702254695	0.175582910061325
NA20538	NA20538	0.105085287853821	7.03210977197835	1.01295450511916	0.463047536054855	23.8620295947936	4.61815507835774	0.187993073192286	0.110355069518767	0.413550525694178
NA20539	NA20539	0.128252925725371	7.63869286422713	2.4195577756687	1.0939798744196	22.9069236589405	2.08846008550132	0.0452331725434964	0.776390904440833	0.155207923324079
NA20540	NA20540	0.11479797046678	16.993060991491	2.78975316170494	0.452414804823972	27.7895900766691	7.07162832065502	0.0438045426649431	0.491514602477299	0.198761272990765
NA20541	NA20541	0.0698075428422838	6.22887579435921	1.7691133413845	-0.679756178269562	22.6238354999195	2.54176161052923	-0.0181984475298023	0.558463072484061	0.322838866372336
NA20542	NA20542	0.0178419216602057	3.2330438413933	1.09673873069193	1.13269045485503	24.3676049659236	0.568914540841951	0.0218238119339007	0.384212370927615	0.174638188355676
NA20543	NA20543	0.0987758465558841	7.20845054864336	2.21480991471583	0.879935950196703	26.436552857626	2.96939153281657	0.0149549693719895	0.00735706199348429	0.211813446493644
NA20544	NA20544	0.0300787560885109	8.35327057995072	1.04935425663104	0.954645946109169	23.3547856061459	2.95447224622172	0.040793842004532	-0.155969783991672	0.200757993779959
NA20581	NA20581	0.0618569480351246	9.20176752456839	2.73520130999658	1.08491917115221	28.1767733294433	9.17539100911096	0.0539894278799943	3.63218451619869	0.128858209580165
NA20582	NA20582	0.0599842075570096	8.3112596651172	3.06142711938895	1.58139744790926	24.4631281497004	2.66538003140067	0.108517045763749	1.22028902268955	0.23162235012217
NA20585	NA20585	0.0105143304487717	3.35112194032916	0.778070851278758	0.940155201693653	32.9889585421378	1.71747005447151	0.0315917035408688	1.21436025746124	0.141203604646128
NA20586	NA20586	0.0672315954229218	3.28865938502359	1.00508583955618	0.970840642452246	20.5337118633363	2.93287018605849	0.0873666080981657	-0.0951008350067276	0.166510176423505
NA20588	NA20588	-0.00136727361677141	6.34658683482929	-0.532849530717323	-0.930975108233416	24.4426000838666	5.22208756986927	0.113918224509626	1.01332438903493	0.329479126539763
NA20589	NA20589	0.114977991306322	9.86925302760408	1.71194579343274	0.380712820822835	24.7895818233921	3.00682864690844	0.165515681256529	0.478742046019318	0.170375146487266
NA20752	NA20752	0.0819718821096367	9.401082698173	1.25626337019692	0.667162875271309	30.7212256065692	3.77974428383131	0.023586108029248	2.21137508626599	0.20917791514424
NA20754	NA20754	0.0922912995342786	6.52819644007736	1.29112121127784	1.48613932502775	25.8930699920272	4.53783782630679	0.0319069100103575	0.71703964893435	0.347766526768731
NA20756	NA20756	0.0538613699653166	6.61582667268164	2.35913351344898	0.765270252849799	25.436114485301	0.7409287803981	0.00912325799953346	0.656180077466366	0.0814769539477865
NA20757	NA20757	0.0302217285802085	7.72959380294874	2.53310627555057	0.705015360380427	25.0283381212353	4.50899152640906	0.0888055255626006	1.16230811896861	0.188237767375314
NA20758	NA20758	0.065057823462803	6.35209591379804	2.40087906833174	1.37738644216798	27.3796190294172	2.22220851687584	0.0208650113597825	0.617441698436295	0.202831889913048
NA20759	NA20759	0.00903342637573985	7.67221333599741	5.01616289689542	0.528626313816951	29.9810643553058	1.30009297335289	0.0333538782721796	0.431565770437091	0.173301357945303
NA20760	NA20760	0.00954448596703919	3.52722676919341	2.45687501088902	1.20557985909408	20.7653634167223	2.89351433763737	0.162731977970177	0.132284139004053	0.043375067099357
NA20761	NA20761	0.0452208779490123	2.33205208711682	1.57785335007408	0.62577011461725	23.7556380194333	0.863879623250675	-0.00247176162653361	0.0179612123724121	0.22744728954481
NA20765	NA20765	0.0787514978522524	3.79236001706319	2.70543760110031	-0.000461500726292474	24.2907841218023	3.98457112103723	-0.0267576413005493	0.358509524838846	0.276677545378106
NA20766	NA20766	0.0981827900528079	7.517703558961	2.4898718008437	0.486695315430346	20.1912947193509	3.43835627539498	0.0520413885583409	0.308200704963311	0.182494746896602
NA20768	NA20768	0.0234374311951072	5.41530330574521	1.42391753434209	0.68480226275741	25.0017009485837	2.86945700996756	0.0435488948985306	-0.00058996145508583	0.0190193781412037
NA20769	NA20769	0.0392844009274687	4.64419083714971	2.66576308872386	0.300570494520658	21.8645364125655	2.551967682001	0.00473795279322199	2.55808793192025	0.285557490207588
NA20770	NA20770	-0.0252476905038269	7.32038227371225	2.04037821575551	-0.709726301625173	31.9635731365199	2.00118002896915	0.70786108203917	0.396743493533102	0.119954998594025
NA20771	NA20771	0.183592998325924	8.36540797497622	2.39005206776585	0.813814269057384	29.9780283487278	2.65121710012176	0.0240403463236808	0.759923836668134	0.110833402970706
NA20772	NA20772	-0.0268313452917411	5.80282491962896	2.53305375602676	-1.06256178023357	26.923238410865	2.7318466224265	0.00618159415224766	0.571882654409933	0.340001904052452
NA20773	NA20773	0.0608690988002082	7.77194985663456	0.641227679426312	1.17902082916305	28.4614783798496	2.800949752328	0.0274910723457128	0.897846583810021	0.0912672868623635
NA20774	NA20774	0.159093743697421	6.56818426049389	1.99405284078747	1.38298096990831	23.7389140577507	1.34081111420258	0.0120571734776663	0.376707872054025	0.144409000876612
NA20778	NA20778	0.0348933917096652	4.4356419417606	2.80268754099407	2.96309747416421	25.5450209893165	3.14247291717467	0.0726215307803404	-0.911193432713548	0.22676262259252
NA20783	NA20783	0.0771474384167198	8.7208127962002	0.30353330780585	3.1268825793804	34.5279853241854	1.9555260951847	0.0108672185445764	-0.247195755465909	0.19800706177468
NA20785	NA20785	0.128733211460315	1.82586935836646	0.782111644075579	1.55931726402517	26.5693619381746	2.99314231440292	0.0389200468534555	-0.0230979428102482	0.249062988417394
NA20786	NA20786	0.0829560545468079	4.84067549061855	2.34134439562789	1.26513549510247	27.7207255889154	2.11845091346588	0.0258765078028745	-0.420201288933281	0.229492429991084
NA20787	NA20787	0.0676595488985776	8.40159107656227	2.92008852410298	0.700509515146153	27.3241639103116	2.14591625038585	0.041162529251615	1.16074906641133	0.286082608884659
NA20790	NA20790	0.156162829987613	1.81672059593522	1.40771017903165	1.77656872832535	26.6240818193493	1.86101853757166	0.264706515040436	0.0311773132628201	0.134909344189621
NA20792	NA20792	0.0420433752863043	7.01551128684201	-0.102227806738159	15.5874240171386	27.3230775001487	0.448844194564545	-0.0073817892799289	0.657348353207918	0.4745983177502
NA20795	NA20795	0.0504681434088165	9.13307327448485	2.60971145595667	1.30933454624786	20.3021954689908	3.56536736318239	0.0223527133193891	0.0690994946565527	0.197397009077401
NA20796	NA20796	0.0206874132295382	7.90352038788695	2.22368636418332	0.857131076459006	27.6919620434583	3.56489660731254	-0.0162000710118123	0.474190506769985	0.225665564949219
NA20797	NA20797	0.0281804470188818	2.6608244595629	-0.396307181755471	0.457754229673381	27.546843179923	2.03078429395755	0.0590478852218677	0.31212325983224	0.137722123613601
NA20798	NA20798	0.0267262379941378	8.44132161135543	2.46343353833818	1.2094360058612	28.1918760473388	2.4115259548473	0.196754736602959	1.62013353971044	0.259725905690283
NA20799	NA20799	0.0418810507813563	1.75463516566836	1.39009442383454	0.32410559749227	19.0202233573862	4.87921344298084	0.210030259858201	0.298229736175039	0.103020263436623
NA20800	NA20800	0.101412643500613	4.67958155670156	3.00172994181375	0.986245321997548	24.0953512002866	1.8187815991659	0.365325512655647	0.4000909177635	0.191861501060804
NA20801	NA20801	0.0675440632309062	3.78219396449182	0.98195649732019	1.4844399756642	28.6468731451062	2.08273852112384	0.0729495337217435	0.000307273079797388	0.275063936052529
NA20802	NA20802	0.0425133600201949	3.72105901802312	2.54557178506802	1.49475707962467	28.6508393719446	1.20297619479538	0.041961130270514	0.132462802443282	0.185194754266615
NA20803	NA20803	0.1070498692885	7.35850939941127	1.48291505089906	0.381683741480124	22.372228250893	2.41808415917471	0.032412705212051	0.346829569559473	0.136551215286387
NA20804	NA20804	0.0414081975596161	6.73987091332532	2.80303820208935	1.16169430272809	26.5766531329418	3.14024325763555	0.0705147170736182	0.444793143642906	0.304592039214178
NA20805	NA20805	0.014931112603488	8.18587786946415	0.697786438810506	1.82655821491268	29.2361707199547	1.97265217637004	0.28111312840399	0.854626353120228	0.0949342628217987
NA20806	NA20806	0.0457867217265794	11.4368767108564	2.32823063769419	0.37727814327599	27.3436893149643	1.97665591353182	0.0929486333873782	2.15998105655738	0.3031634865648
NA20807	NA20807	0.13696059266257	3.65828478366274	4.08501077787404	1.4951316082471	23.6765543127074	4.02467362808413	-0.00463307464985867	1.71907564138875	0.268647841167611
NA20808	NA20808	0.096832485223124	8.10960343776781	1.6653331588994	0.435142855755612	23.5301406210597	4.08840573172261	0.0739428731589647	0.878322112548918	0.294425001153925
NA20809	NA20809	0.0158049091261132	5.3117833425348	2.28459193988086	0.229537755746886	25.4127717381127	3.67977016496735	-0.00149817252644853	2.12536118793081	0.16289662737637
NA20810	NA20810	0.088601144361869	13.4282045234374	3.2258799833111	1.02338107083449	25.0794902396908	2.90939301182684	0.0220555812003268	0.816645236045748	0.221223346868385
NA20811	NA20811	0.240009725351754	6.09450021347043	1.99606676818196	1.12785171976136	28.7255279873831	1.92117617588486	0.0102242888005645	1.68232891315801	0.254004009023182
NA20812	NA20812	0.137174922024762	12.5360002282421	2.85492257679522	0.774409436730191	24.4505197886912	5.08387284104239	0.000203980100613385	0.686779997158322	0.294358545092158
NA20813	NA20813	0.148494249208145	2.21726194109841	2.2673431886837	1.49585394690011	27.2640688548787	2.86657339507424	0.0591039460585998	1.20754036613797	0.172154944074833
NA20814	NA20814	0.0386429516384683	3.5733936926424	1.33120130893328	0.895341534092781	26.912814258775	1.29778761046751	0.0660483633332923	0.0887643303864076	0.135212516294604
NA20815	NA20815	0.0885087225607686	7.58336362312906	2.18789497860221	1.51352088239769	29.5092096796423	2.88831617805321	0.0139431131634786	0.96239693992945	0.121264778407555
NA20816	NA20816	0.0292039651014781	4.05288249680221	1.00425018464045	0.826377160076195	26.4623310653975	2.14502226947928	0.0810500003644546	0.0535599992148592	0.207399162172048
NA20819	NA20819	0.0244231179909978	1.57037789138744	3.00331644531769	1.02120073024106	25.6240094837144	3.5575977609185	0.0704378679178925	-0.0997797014646562	0.288634086002377
NA20826	NA20826	0.0448161861512436	4.90037157993696	1.98436164433707	0.952502454332274	25.7077412111	4.15206264421222	0.049859337937001	0.447343230500282	0.125602254533004
NA20828	NA20828	0.139185967463083	6.73730772615299	1.68495376441438	0.740564848897759	22.8249571422517	1.21683382272153	0.0173760434526126	0.00286194679691154	0.141498864338921
